658

INDICES ῙῘ.

torum 74- 79. heliastarum
562. 563. litigantium 703-
714. Amphictyonum 1278.
Graecorum 1292. medicorum
380. belli ducum 333. Gerae·
rarum 399. foederis 1234.

Keil (525.)

Kirchhoff (200.) (988.)
ΚὸὴΙθι· (830.)
Kutorga (9.).

Laciadae (1170.).

Lasaulx (1278.)

Laurium 860.

legatio 102. 1046.

legatus 103. 220-224, 382. 1048.

1202. 1215.

leges Aeginetarum (1427.)
„ Aegyptiorum (1 195.)
,, Boeotorum (1517.)
„ Bybliorum (1 151.)
„ Byzantiorum ( 11. ) (1174. )

(1479.)

„ Chalcidensium (170.).

Cnidiorum (172.) (215.)

,ἶ corinthiorum (224.) (905.)

(1195.)

„ Cretensium (45.) (69.) (134.)

(215.) (704.) (964.) (1170.).
Cumacorum (1153.) (1170.)

Ξ Cypriorum (1141.).
„ Cyrenaeorum (1107.)

Cyzicenorum (1496.).

’,ζ Epidamniorum (1246.)

Epidauriorum (69.)

ἰ Gallorum (161.)

„ Graecorum apud Romanos

(156.) (159.) (1134.) (1440.)

(1441.) (1443.) 1455.) (14640,

(1476.) (1501.) (1537.) 1553.)
(1579.)

‚, Graecorum recentiorum (1 387)

(1399.) (1495.) (1508.)
Hungarorum (161.) (845.)

ζ Jasensium (1357.) (1381.)
„ Lacedaemoniorum (3.) (16.)

(55.) (09.) (134.) (153.) (200.)
(215.) (232.) (545.) (553.)
(612.) (014.) (845)· (905.)
(1030.) (1000.) (1070.) (1094.)
(1131.)(1180.)(1183.)(1184.)

 

(1 195.) (1 347.) (1351.) (1359.)
ἓξὲξῧ.))(1441 .) (1442.) (1461.)

leges Lepreatarum (1170.).
„ Lesbiorum (1189.)
,, Locrorum (1 50.) (1043.)(1 143)

(1 167.) (1170.) (1 184.) (1461 .)
Lucanorum (1167.) (1517.)

,ἶ Lyciorum (1100.) (1153.)

Lydorum (1359.)

ἵ, Milesiorum (1141.)

Phoenicum (1355.)

Ζ Phrygum (1153.)

Plataeenaium (1074.)

ζ Platonis (1.) (4.) (160.) (170.)

(180.) (682.) (695.) (767.)
(905.) (1008.) (1011.) (1031.)
(1040.) (1048.) (1052.) (1056.)
(1060.) (1084.) (1106.)(1107.)
(1125.) (1120.) (1131.)(1132.)
(1133.) (1137.) (1 138.)(1140.)
(1141.) (1142.) (1148.) (1152.)
(1156.) (1159.) (1160.) (1101.)
(1100.) (1 107.) (1183)(1189.)
(1331.) (1347.) (1375.) (1458.)
(1403.) (1499.) (1521.) (1508.)
(1577.) (1579 ).

„ Romanorum (28.) (1 56.) (159.)

(101.) (635.) (638.) (649.)
(665.) (009.) (730.) (767.)
(768.) (773.) (825.) (859.)
(1019.)(1056.)(1106.)(1125.)
(1143.)(1150.)(1152.)(1157.)
(1183)(1334.)(1351.)(1352.)
(1369.) (1370.) (1373.) (1374.)
(1392.) (1399.) (1403.)(1405.)
(1411.)(1434)(1440.)(1441.)
(1443.) (1446.) (1455.)(1464.)
(1405.) (1476.) (1482.) (1498.)
(1499.) (1501.) (1505.)(1521.)
(1523.) (1558.) (1568.) (1579.)

,, solonis 17. 21. 52. 00. 09. 73.

75. 92. 96. 135. 138. 148. 149.
150. 151. 156.171. 178. 194.
213. 215. 375. 376. 388. 390.
438. 549. 550. 562. 584. 665.
704. 795. 874. 989. 994. 996.
1008. 1014. 1033. 1043. 1047.
1063. 1065. 1066. 1068. 1127.
1128.1143. ’·1150. 1153. 1158.
1159. 1160. 1161.11’67. 1169.

